48
49
50
51
52
53

191
192
193

211
212
213
214
215
216
217
218
219
220
221
222
223
224
225
226
227
228
229
230

252
253
254
255
256
257

284
285
286
287
288
289
290
291
292
293
294
295
296
297
298
299
300
301
302
303
304
305
306
307
308
309
310
311
312
313
314
315
316
317
318
319
320
320
321
321
322
322
323
323
324
325
326
327
328
329
330
331
332
333
334
335
336
337
338
339
340

361
362
363
364
365

409
410

416
417
418
419
420

447
448
449
450
451

461
462
463
464
465
466
467
468

472
473
474
475
476

480
481
482
483
484

668
669
670
671

672
673
674
675
676
677
678
679
680
681
682
683

720
721
722
723
724
725

731
732
733
734
